Rk,Player,HR,PA,Season,Age,Team,Lg,G,PA,AB,R,H,1B,2B,3B,HR,RBI,SB,CS,BB,SO,BA,OBP,SLG,OPS,OPS+,TB,GIDP,HBP,SH,SF,IBB,Pos,Player-additional
1,Cal Raleigh,60,705,2025,28,SEA,AL,159,705,596,110,147,63,24,0,60,125,14,4,97,188,.247,.359,.589,.948,169,351,6,9,0,3,17,*2D/H,raleica01
2,Nelson Cruz,44,655,2015,34,SEA,AL,152,655,590,90,178,111,22,1,44,93,3,2,59,164,.302,.369,.566,.936,159,334,6,5,0,1,9,9D,cruzne02
3,Nelson Cruz,43,667,2016,35,SEA,AL,155,667,589,96,169,98,27,1,43,105,2,0,62,159,.287,.360,.555,.915,147,327,15,9,0,7,5,D9,cruzne02
4,Robinson Canó,39,715,2016,33,SEA,AL,161,715,655,107,195,121,33,2,39,103,0,1,47,100,.298,.350,.533,.882,138,349,18,8,0,5,8,*4/D,canoro01
5,Nelson Cruz,39,645,2017,36,SEA,AL,155,645,556,91,160,93,28,0,39,119,1,1,70,140,.288,.375,.549,.924,149,305,15,12,0,7,7,*D/9H,cruzne02
6,Mitch Haniger,39,691,2021,30,SEA,AL,157,691,620,110,157,93,23,2,39,100,1,0,54,169,.253,.318,.485,.804,122,301,12,9,0,8,2,*9D,hanigmi01
7,Nelson Cruz,37,591,2018,37,SEA,AL,144,591,519,70,133,77,18,1,37,97,1,0,55,122,.256,.342,.509,.850,135,264,15,14,0,3,5,*D/9H,cruzne02
8,Kyle Seager,35,670,2021,33,SEA,AL,159,670,603,73,128,63,29,1,35,101,3,1,59,161,.212,.285,.438,.723,100,264,7,4,0,4,2,*5D/H,seageky01
9,Cal Raleigh,34,628,2024,27,SEA,AL,153,628,546,73,120,70,16,0,34,100,6,1,70,176,.220,.312,.436,.748,118,238,7,6,0,6,4,*2D/H,raleica01
10,Julio Rodríguez,32,714,2023,22,SEA,AL,155,714,654,102,180,109,37,2,32,103,37,10,47,175,.275,.333,.485,.818,130,317,14,11,0,2,6,*8/D,rodriju01
11,Julio Rodríguez,32,710,2025,24,SEA,AL,160,710,652,106,174,107,31,4,32,95,30,6,44,152,.267,.324,.474,.798,128,309,15,12,0,2,5,*8/DH,rodriju01
12,Eugenio Suárez,31,629,2022,30,SEA,AL,150,629,543,76,128,71,24,2,31,87,0,0,73,196,.236,.332,.459,.791,129,249,12,8,0,5,0,*5D/H,suareeu01
13,Cal Raleigh,30,569,2023,26,SEA,AL,145,569,513,78,119,65,23,1,30,75,0,0,54,158,.232,.306,.456,.762,114,234,6,1,0,1,1,*2HD,raleica01
14,Kyle Seager,30,676,2016,28,SEA,AL,158,676,597,89,166,97,36,3,30,99,3,1,69,108,.278,.359,.499,.859,133,298,18,8,0,2,10,*5/D,seageky01
15,Daniel Vogelbach,30,558,2019,26,SEA,AL,144,558,462,73,96,49,17,0,30,76,0,0,92,149,.208,.341,.439,.780,111,203,4,2,0,2,2,D3H,vogelda01
16,Raúl Ibañez,29,496,2013,41,SEA,AL,124,496,454,54,110,59,20,2,29,65,0,0,42,128,.242,.306,.487,.793,123,221,8,0,0,0,1,7D/H9,ibanera01
17,Julio Rodríguez,28,560,2022,21,SEA,AL,132,560,511,84,145,89,25,3,28,75,25,7,40,145,.284,.345,.509,.853,147,260,7,8,0,1,4,*8/DH,rodriju01
18,Randy Arozarena,27,709,2025,30,SEA,AL,160,709,613,95,146,86,32,1,27,76,31,6,64,191,.238,.334,.426,.760,119,261,9,27,0,5,2,*7/D,arozara01
19,Cal Raleigh,27,415,2022,25,SEA,AL,119,415,370,46,78,30,20,1,27,63,1,0,38,122,.211,.284,.489,.774,122,181,5,2,0,5,0,*2H/D,raleica01
20,Kyle Seager,27,650,2017,29,SEA,AL,154,650,578,72,144,83,33,1,27,88,2,1,58,110,.249,.323,.450,.773,109,260,6,8,0,6,6,*5/H,seageky01
21,Mitch Haniger,26,683,2018,27,SEA,AL,157,683,596,90,170,102,38,4,26,93,8,2,70,148,.285,.366,.493,.859,139,294,8,10,0,7,4,*98/7D,hanigmi01
22,Teoscar Hernández,26,678,2023,30,SEA,AL,160,678,625,70,161,104,29,2,26,93,7,2,38,211,.258,.305,.435,.741,108,272,6,8,0,7,2,*9D/H,hernate01
23,Jorge Polanco,26,524,2025,31,SEA,AL,138,524,471,64,125,69,30,0,26,78,6,3,42,82,.265,.326,.495,.821,134,233,7,3,3,5,1,D4H/53,polanjo01
24,Kyle Seager,26,686,2015,27,SEA,AL,161,686,623,85,166,103,37,0,26,74,6,6,54,98,.266,.328,.451,.779,117,281,17,5,0,4,6,*5/6H,seageky01
25,Kyle Seager,25,654,2014,26,SEA,AL,159,654,590,71,158,102,27,4,25,96,7,5,52,118,.268,.334,.454,.788,127,268,12,8,1,3,3,*5/DH,seageky01
26,Mike Zunino,25,435,2017,26,SEA,AL,124,435,387,52,97,47,25,0,25,64,1,0,39,160,.251,.331,.509,.840,125,197,8,8,0,1,0,*2/HD,zuninmi01
27,Ryon Healy,24,524,2018,26,SEA,AL,133,524,493,51,116,77,15,0,24,73,0,0,27,113,.235,.277,.412,.688,91,203,21,2,0,2,0,*3/H5,healyry01
28,Robinson Canó,23,648,2017,34,SEA,AL,150,648,592,79,166,110,33,0,23,97,1,0,49,85,.280,.338,.453,.791,114,268,18,4,0,3,8,*4/H,canoro01
29,Kendrys Morales,23,657,2013,30,SEA,AL,156,657,602,64,167,110,34,0,23,80,0,0,49,114,.277,.336,.449,.785,123,270,21,5,0,1,6,*D3/H,moralke01
30,Kyle Seager,23,443,2019,31,SEA,AL,106,443,393,55,94,51,19,1,23,63,2,2,44,86,.239,.321,.468,.789,111,184,12,4,0,2,0,5/HD,seageky01
31,Omar Narváez,22,482,2019,27,SEA,AL,132,482,428,63,119,85,12,0,22,55,0,0,47,92,.278,.353,.460,.813,119,197,5,4,0,3,1,2DH/4,narvaom01
32,Luke Raley,22,455,2024,29,SEA,AL,137,455,404,58,98,55,19,2,22,58,11,2,27,135,.243,.320,.463,.783,128,187,2,20,2,2,0,739H/8D,raleylu01
33,Kyle Seager,22,695,2013,25,SEA,AL,160,695,615,79,160,104,32,2,22,69,9,3,68,122,.260,.338,.426,.764,118,262,8,7,0,5,1,*5/H,seageky01
34,Kyle Seager,22,630,2018,30,SEA,AL,155,630,583,62,129,70,36,1,22,78,2,2,38,138,.221,.273,.400,.673,86,233,10,5,0,4,3,*5/H4D,seageky01
35,Eugenio Suárez,22,694,2023,31,SEA,AL,162,694,598,68,139,88,29,0,22,96,2,1,70,214,.232,.323,.391,.714,103,234,10,15,0,11,0,*5/D,suareeu01
36,Mike Zunino,22,476,2014,23,SEA,AL,131,476,438,51,87,43,20,2,22,60,0,3,17,158,.199,.254,.404,.658,88,177,12,17,0,4,1,*2/DH,zuninmi01
37,Robinson Canó,21,674,2015,32,SEA,AL,156,674,624,82,179,123,34,1,21,79,2,6,43,107,.287,.334,.446,.779,117,278,26,3,0,4,5,*4/DH,canoro01
38,Edwin Encarnación,21,289,2019,36,SEA,AL,65,289,241,48,58,30,7,0,21,49,0,1,41,55,.241,.356,.531,.888,137,128,3,4,0,3,0,3D/4H,encared01
39,Domingo Santana,21,507,2019,26,SEA,AL,121,507,451,63,114,72,20,1,21,69,8,3,50,164,.253,.329,.441,.770,107,199,11,2,0,2,1,79D/H,santado01
40,Ty France,20,613,2022,27,SEA,AL,140,613,551,65,151,103,27,1,20,83,0,0,35,94,.274,.338,.436,.774,125,240,18,21,0,5,3,*3/D5H4,francty01
41,Adam Lind,20,430,2016,32,SEA,AL,126,430,401,48,96,59,17,0,20,58,0,1,26,89,.239,.286,.431,.717,94,173,14,1,0,2,3,3HD,lindad01
42,Julio Rodríguez,20,613,2024,23,SEA,AL,143,613,567,76,155,118,17,0,20,68,24,5,38,156,.273,.325,.409,.734,115,232,10,6,0,2,1,*8D/H,rodriju01
43,Kyle Seager,20,651,2012,24,SEA,AL,155,651,594,62,154,98,35,1,20,86,13,5,46,110,.259,.316,.423,.738,108,251,9,5,2,4,1,*54/DH,seageky01
44,Justin Smoak,20,521,2013,26,SEA,AL,131,521,454,53,108,69,19,0,20,50,0,0,64,119,.238,.334,.412,.746,113,187,11,2,0,1,1,*3/DH,smoakju01
45,Mike Zunino,20,405,2018,27,SEA,AL,113,405,373,37,75,37,18,0,20,44,0,0,24,150,.201,.259,.410,.669,85,153,7,6,0,2,0,*2/HD,zuninmi01
46,J.P. Crawford,19,638,2023,28,SEA,AL,145,638,534,94,142,88,35,0,19,65,2,0,94,125,.266,.380,.438,.818,133,234,7,5,3,2,1,*6/H,crawfjp01
47,Miguel Olivo,19,507,2011,32,SEA,AL,130,507,477,54,107,68,19,1,19,62,6,5,20,140,.224,.253,.388,.641,81,185,7,1,1,8,2,*2/HD,olivomi01
48,Michael Saunders,19,553,2012,25,SEA,AL,139,553,507,71,125,72,31,3,19,57,21,4,43,132,.247,.306,.432,.738,108,219,6,1,1,1,0,*87/H9,saundmi01
49,Justin Smoak,19,535,2012,25,SEA,AL,132,535,483,49,105,72,14,0,19,51,1,0,49,111,.217,.290,.364,.654,85,176,12,1,0,2,2,*3/D,smoakju01
50,Ty France,18,650,2021,26,SEA,AL,152,650,571,85,166,115,32,1,18,73,0,0,46,106,.291,.368,.445,.813,128,254,13,27,0,6,1,3D4/5H,francty01
51,Tom Murphy,18,281,2019,28,SEA,AL,75,281,260,32,71,40,12,1,18,40,2,0,19,87,.273,.324,.535,.858,128,139,0,1,0,1,0,2/D1H7,murphto04
52,Logan Morrison,17,511,2015,27,SEA,AL,146,511,457,47,103,68,15,3,17,54,8,4,47,81,.225,.302,.383,.685,92,175,7,4,1,2,5,*3H/97D,morrilo01
53,Mike Ford,16,251,2023,30,SEA,AL,83,251,219,32,50,28,6,0,16,34,0,0,24,81,.228,.323,.475,.798,124,104,4,7,0,1,0,DH3/1,fordmi01
54,Mitch Haniger,16,410,2017,26,SEA,AL,96,410,369,58,104,61,25,2,16,47,5,4,31,93,.282,.352,.491,.843,127,181,9,9,1,0,0,9/87H,hanigmi01
55,Jorge Polanco,16,469,2024,30,SEA,AL,118,469,417,43,89,62,11,0,16,45,4,2,46,137,.213,.296,.355,.651,92,148,16,4,0,2,3,*4/DH,polanjo01
56,Seth Smith,16,438,2016,33,SEA,AL,137,438,378,62,94,63,15,0,16,63,0,0,48,89,.249,.342,.415,.758,108,157,11,8,0,4,1,*97HD,smithse01
57,Tim Beckham,15,328,2019,29,SEA,AL,88,328,304,39,72,35,21,1,15,47,1,3,21,102,.237,.293,.461,.753,100,140,7,3,0,0,0,675D/43H,beckhti01
58,Russell Branyan,15,238,2010,34,SEA,AL,57,238,205,23,44,19,10,0,15,33,1,0,30,82,.215,.319,.483,.802,123,99,4,2,0,1,2,D/3H,branyru01
59,Mitch Garver,15,430,2024,33,SEA,AL,114,430,367,37,63,31,17,0,15,51,0,0,53,133,.172,.286,.341,.627,85,125,9,7,0,3,0,D2/H,garvemi01
60,Franklin Gutierrez,15,189,2015,32,SEA,AL,59,189,171,27,50,24,11,0,15,35,0,0,14,54,.292,.354,.620,.974,167,106,5,3,0,1,1,7H/D9,gutiefr01
61,Mitch Haniger,15,283,2019,28,SEA,AL,63,283,246,46,54,25,13,1,15,32,4,0,30,81,.220,.314,.463,.778,108,114,3,5,0,2,1,98/DH,hanigmi01
62,Leonys Martín,15,576,2016,28,SEA,AL,143,576,518,72,128,93,17,3,15,47,24,6,44,149,.247,.306,.378,.684,88,196,10,3,4,7,0,*8,martile01
63,Jesús Montero,15,553,2012,22,SEA,AL,135,553,515,46,134,99,20,0,15,62,0,2,29,99,.260,.298,.386,.685,94,199,15,2,0,7,4,D2/H,monteje01
64,Carlos Santana,15,294,2022,36,SEA,AL,79,294,255,35,49,26,8,0,15,39,0,0,35,60,.192,.293,.400,.693,101,102,8,2,0,2,1,D3/H9,santaca01
65,Justin Smoak,15,489,2011,24,SEA,AL,123,489,427,38,100,61,24,0,15,55,0,0,55,105,.234,.323,.396,.719,106,169,10,3,0,4,4,3D/H,smoakju01
66,Luis Torrens,15,378,2021,25,SEA,AL,108,378,346,39,84,51,16,2,15,47,0,0,28,99,.243,.299,.431,.730,102,149,8,1,0,3,1,D2H/35,torrelu01
67,Danny Valencia,15,500,2017,32,SEA,AL,130,500,450,54,115,78,19,3,15,66,2,2,40,122,.256,.314,.411,.725,97,185,16,2,0,8,0,*3H9/5,valenda01
68,Dustin Ackley,14,542,2014,26,SEA,AL,143,542,502,64,123,78,27,4,14,65,8,4,32,90,.245,.293,.398,.692,99,200,10,3,3,2,1,*7H/D,ackledu01
69,Jay Bruce,14,184,2019,32,SEA,AL,47,184,165,27,35,10,11,0,14,28,1,0,16,53,.212,.283,.533,.816,114,88,1,1,0,2,0,93/7DH,bruceja01
70,Robinson Canó,14,665,2014,31,SEA,AL,157,665,595,77,187,134,37,2,14,82,10,3,61,68,.314,.382,.454,.836,142,270,19,6,0,3,20,*4/D,canoro01
71,Franklin Gutierrez,14,283,2016,33,SEA,AL,98,283,248,33,61,38,9,0,14,39,1,0,29,85,.246,.329,.452,.780,112,112,6,3,0,3,0,9HD/7,gutiefr01
72,Jarred Kelenic,14,377,2021,21,SEA,AL,93,377,337,41,61,33,13,1,14,43,6,4,36,106,.181,.265,.350,.615,72,118,5,3,0,1,0,87/9H,kelenja01
73,Dae-ho Lee,14,317,2016,34,SEA,AL,104,317,292,33,74,51,9,0,14,49,0,0,20,74,.253,.312,.428,.740,102,125,8,5,0,0,2,3H/D,leeda02
74,Jesse Winker,14,547,2022,28,SEA,AL,136,547,456,51,100,71,15,0,14,53,0,0,84,103,.219,.344,.344,.688,103,157,8,4,0,3,1,*7D/H,winkeje01
75,Mike Morse,13,307,2013,31,SEA,AL,76,307,283,31,64,38,13,0,13,27,0,0,20,80,.226,.283,.410,.693,96,116,10,3,0,1,1,97/3DH,morsemi01
76,Eugenio Suárez,13,220,2025,33,SEA,AL,53,220,201,27,38,16,9,0,13,31,3,1,17,79,.189,.255,.428,.682,94,86,4,1,0,1,1,5/3,suareeu01
77,Mark Trumbo,13,361,2015,29,SEA,AL,96,361,334,39,88,62,13,0,13,41,0,0,26,93,.263,.316,.419,.735,105,140,8,0,0,1,1,9D37/H,trumbma01
78,Dustin Ackley,12,668,2012,24,SEA,AL,153,668,607,84,137,101,22,2,12,50,13,3,59,124,.226,.294,.328,.622,77,199,3,0,1,1,7,*43/DH,ackledu01
79,Mike Carp,12,313,2011,25,SEA,AL,79,313,290,27,80,50,17,1,12,46,0,2,19,81,.276,.326,.466,.791,125,135,10,3,0,1,0,37D/H9,carpmi01
80,J.P. Crawford,12,654,2025,30,SEA,AL,157,654,570,69,151,115,24,0,12,58,8,1,74,122,.265,.352,.370,.722,111,211,11,3,6,1,1,*6/H,crawfjp01
81,Ty France,12,665,2023,28,SEA,AL,158,665,587,79,147,103,32,0,12,58,1,0,43,117,.250,.337,.366,.703,101,215,25,34,0,1,0,*3/H,francty01
82,Nick Franklin,12,412,2013,22,SEA,AL,102,412,369,38,83,50,20,1,12,45,6,1,42,113,.225,.303,.382,.686,96,141,2,0,0,1,1,4/H6D,frankni01
83,Franklin Gutierrez,12,629,2010,27,SEA,AL,152,629,568,61,139,99,25,3,12,64,25,3,50,137,.245,.303,.363,.666,87,206,10,1,2,8,5,*8/DH,gutiefr01
84,Mitch Haniger,12,423,2024,33,SEA,AL,121,423,380,42,79,55,12,0,12,44,0,0,40,126,.208,.286,.334,.620,83,127,10,2,0,1,0,9DH,hanigmi01
85,Dylan Moore,12,377,2021,28,SEA,AL,126,377,332,42,60,35,11,2,12,43,21,5,40,111,.181,.276,.334,.610,71,111,6,4,0,1,0,47H5/96D,mooredy01
86,Miguel Olivo,12,323,2012,33,SEA,AL,87,323,315,27,70,44,14,0,12,29,3,6,7,85,.222,.239,.381,.620,73,120,8,0,1,0,0,2D/H,olivomi01
87,Michael Saunders,12,468,2013,26,SEA,AL,132,468,406,59,96,58,23,3,12,46,13,5,54,118,.236,.323,.397,.720,106,161,6,1,1,6,4,*897H/D,saundmi01
88,Seth Smith,12,452,2015,32,SEA,AL,136,452,395,54,98,50,31,5,12,42,0,0,47,99,.248,.330,.443,.773,116,175,15,4,1,5,4,*79HD,smithse01
89,Mike Zunino,12,192,2016,25,SEA,AL,55,192,164,16,34,15,7,0,12,31,0,0,21,65,.207,.318,.470,.787,113,77,0,6,0,1,0,2/HD,zuninmi01
90,Jason Bay,11,236,2013,34,SEA,AL,68,236,206,30,42,25,6,0,11,20,3,1,26,62,.204,.298,.393,.691,97,81,6,2,1,1,1,79H/D8,bayja01
91,Dominic Canzone,11,269,2025,27,SEA,AL,82,269,243,30,73,51,11,0,11,32,3,1,20,59,.300,.358,.481,.840,142,117,6,3,0,2,0,9H/D,canzodo01
92,Ben Gamel,11,550,2017,25,SEA,AL,134,550,509,68,140,97,27,5,11,59,4,1,36,122,.275,.322,.413,.735,100,210,8,1,1,3,1,*79/H3,gamelbe01
93,Mitch Haniger,11,247,2022,31,SEA,AL,57,247,224,31,55,36,8,0,11,34,0,0,20,65,.246,.308,.429,.736,114,96,7,1,0,2,1,9D,hanigmi01
94,Jarred Kelenic,11,416,2023,23,SEA,AL,105,416,372,44,94,56,25,2,11,49,13,5,41,132,.253,.327,.419,.746,111,156,6,1,0,2,4,79/8HD,kelenja01
95,Kyle Lewis,11,242,2020,24,SEA,AL,58,242,206,37,54,40,3,0,11,28,5,1,34,71,.262,.364,.437,.801,124,90,5,0,0,2,0,*8/DH,lewisky01
96,Brad Miller,11,497,2015,25,SEA,AL,144,497,438,44,113,76,22,4,11,46,13,4,47,101,.258,.329,.402,.730,105,176,7,2,4,6,0,687H4D/95,millebr02
97,Logan Morrison,11,365,2014,26,SEA,AL,99,365,336,41,88,57,20,0,11,38,5,2,24,59,.262,.315,.420,.735,111,141,9,3,0,2,1,3D/9H7,morrilo01
98,Tom Murphy,11,325,2021,30,SEA,AL,97,325,277,35,56,37,8,0,11,34,0,0,40,99,.202,.304,.350,.655,84,97,8,2,0,3,0,2H/D,murphto04
99,Jean Segura,11,566,2017,27,SEA,AL,125,566,524,80,157,114,30,2,11,45,22,8,34,83,.300,.349,.427,.776,111,224,14,6,0,1,3,*6/H,segurje01
100,Rowdy Tellez,11,185,2025,30,SEA,AL,62,185,173,20,36,19,6,0,11,27,1,0,8,49,.208,.249,.434,.682,93,75,6,2,0,2,0,3/HD,tellero01
101,Mike Zunino,11,386,2015,24,SEA,AL,112,386,350,28,61,39,11,0,11,28,0,1,21,132,.174,.230,.300,.530,48,105,6,5,8,2,0,*2/H,zuninmi01
102,Robinson Canó,10,348,2018,35,SEA,AL,80,348,310,44,94,62,22,0,10,50,0,0,32,47,.303,.374,.471,.845,136,146,9,4,0,2,2,43/5DH,canoro01
103,Franklin Gutierrez,10,151,2013,30,SEA,AL,41,151,145,18,36,19,7,0,10,24,3,1,5,43,.248,.273,.503,.777,117,73,2,0,1,0,0,98/H,gutiefr01
104,John Jaso,10,361,2012,28,SEA,AL,108,361,294,41,81,50,19,2,10,50,5,0,56,51,.276,.394,.456,.850,142,134,6,5,1,5,1,D2H,jasojo01
105,José López,10,622,2010,26,SEA,AL,150,622,593,49,142,103,29,0,10,58,3,2,23,66,.239,.270,.339,.609,71,201,20,3,0,3,1,*5/DH,lopezjo01
106,Brad Miller,10,411,2014,24,SEA,AL,123,411,367,47,81,52,15,4,10,36,4,2,34,95,.221,.288,.365,.653,88,134,2,2,3,3,2,64/H5D,millebr02
107,Dylan Moore,10,441,2024,31,SEA,AL,135,441,368,53,74,37,23,4,10,42,32,6,53,123,.201,.320,.367,.687,103,135,8,14,1,5,1,6547H3/8,mooredy01
108,Austin Nola,10,267,2019,29,SEA,AL,79,267,238,37,64,41,12,1,10,31,1,0,23,63,.269,.342,.454,.796,114,108,8,4,1,1,1,34/25H79,nolaau01
109,Michael Saunders,10,327,2010,23,SEA,AL,100,327,289,29,61,38,11,2,10,33,6,3,35,84,.211,.295,.367,.662,86,106,1,0,2,1,0,78H/D,saundmi01
110,Jean Segura,10,632,2018,28,SEA,AL,144,632,586,91,178,136,29,3,10,63,20,11,32,69,.304,.341,.415,.755,112,243,17,4,4,6,2,*6,segurje01
111,Abraham Toro,10,352,2022,25,SEA,AL,109,352,324,36,60,36,13,1,10,35,2,0,22,65,.185,.239,.324,.563,63,105,4,2,0,4,1,45DH/39,toroab01
112,Casper Wells,10,316,2012,27,SEA,AL,93,316,285,42,65,40,12,3,10,36,3,0,26,80,.228,.302,.396,.698,97,113,3,4,1,0,0,798/HD,wellsca01
113,J.P. Crawford,9,687,2021,26,SEA,AL,160,687,619,89,169,123,37,0,9,54,3,6,58,114,.273,.338,.376,.715,102,233,10,5,1,4,1,*6,crawfjp01
114,J.P. Crawford,9,451,2024,29,SEA,AL,105,451,392,55,79,52,16,2,9,37,5,0,52,102,.202,.304,.321,.625,85,126,4,6,0,1,0,6/HD,crawfjp01
115,Jake Fraley,9,265,2021,26,SEA,AL,78,265,214,27,45,29,7,0,9,36,10,2,46,71,.210,.352,.369,.721,104,79,3,2,1,2,1,7H8/D9,fraleja01
116,Mitch Garver,9,290,2025,34,SEA,AL,87,290,254,29,53,38,5,1,9,30,3,0,30,80,.209,.297,.343,.639,86,87,6,3,0,3,1,2DH,garvemi01
117,Casey Kotchman,9,457,2010,27,SEA,AL,125,457,414,37,90,60,20,1,9,51,0,0,35,57,.217,.280,.336,.616,73,139,15,3,0,5,6,*3/HD,kotchca01
118,Dylan Moore,9,282,2019,26,SEA,AL,113,282,247,31,51,26,14,2,9,28,11,9,25,93,.206,.302,.389,.691,87,96,6,9,1,0,0,674H59/3D81,mooredy01
119,Dylan Moore,9,213,2025,32,SEA,AL,88,213,192,29,37,23,5,0,9,19,12,4,19,76,.193,.263,.359,.622,79,69,1,0,0,2,0,H9435/6D8,mooredy01
120,Josh Naylor,9,210,2025,28,SEA,AL,54,210,194,32,58,39,10,0,9,33,19,0,11,34,.299,.341,.490,.831,138,95,3,2,0,1,0,3/DH,naylojo01
121,Kyle Seager,9,248,2020,32,SEA,AL,60,248,203,35,49,28,12,0,9,40,5,0,32,33,.241,.355,.433,.788,121,88,4,7,0,6,3,*5/DH,seageky01
122,Milton Bradley,8,278,2010,32,SEA,AL,73,278,244,28,50,32,9,1,8,29,8,2,28,75,.205,.292,.348,.641,80,85,2,3,1,2,2,7D/H9,bradlmi01
123,Dominic Canzone,8,188,2024,26,SEA,AL,67,188,168,20,33,18,7,0,8,17,1,0,18,53,.196,.271,.381,.652,90,64,5,0,0,2,2,97H/D,canzodo01
124,Ty France,8,340,2024,29,SEA,AL,88,340,300,28,67,45,14,0,8,31,0,1,28,83,.223,.312,.350,.662,96,105,11,11,0,1,0,3/H4D,francty01
125,Austin Jackson,8,448,2015,28,SEA,AL,107,448,419,46,114,85,18,3,8,38,15,9,24,107,.272,.312,.387,.699,96,162,4,1,3,1,0,8/H,jacksau01
126,Brad Miller,8,335,2013,23,SEA,AL,76,335,306,41,81,56,11,6,8,36,5,3,24,52,.265,.318,.418,.737,110,128,2,1,2,2,0,64/5H,millebr02
127,Dylan Moore,8,159,2020,27,SEA,AL,38,159,137,26,35,18,9,0,8,17,12,5,14,43,.255,.358,.496,.855,138,68,4,8,0,0,0,794/3658H,mooredy01
128,Tom Murphy,8,159,2023,32,SEA,AL,47,159,145,19,42,22,12,0,8,17,0,0,10,44,.290,.335,.538,.873,144,78,4,1,0,2,0,2/DH,murphto04
129,Josh Rojas,8,476,2024,30,SEA,AL,142,476,422,48,95,66,19,2,8,31,10,4,46,108,.225,.304,.336,.641,90,142,6,3,1,2,1,*5H4/713D,rojasjo01
130,Michael Saunders,8,263,2014,27,SEA,AL,78,263,231,38,63,41,11,3,8,34,4,5,26,59,.273,.341,.450,.791,128,104,2,0,2,4,1,98/HD7,saundmi01
131,Taylor Trammell,8,178,2021,23,SEA,AL,51,178,156,23,25,10,7,0,8,18,2,3,17,75,.160,.256,.359,.615,71,56,1,3,2,0,0,87/H,trammta01
132,Evan White,8,202,2020,24,SEA,AL,54,202,182,19,32,17,7,0,8,26,1,2,18,84,.176,.252,.346,.599,66,63,3,1,0,1,0,*3/H,whiteev01
133,J.P. Crawford,7,396,2019,24,SEA,AL,93,396,345,43,78,46,21,4,7,46,5,3,43,83,.226,.313,.371,.684,86,128,4,2,3,3,0,6,crawfjp01
134,Ryon Healy,7,187,2019,27,SEA,AL,47,187,169,24,40,17,16,0,7,26,0,0,13,40,.237,.289,.456,.744,98,77,1,1,0,4,0,53,healyry01
135,Chris Iannetta,7,338,2016,33,SEA,AL,94,338,295,23,62,41,14,0,7,24,0,0,38,83,.210,.303,.329,.631,75,97,4,2,1,2,0,2/D,iannech01
136,Jarred Kelenic,7,181,2022,22,SEA,AL,54,181,163,20,23,10,5,1,7,17,5,2,16,61,.141,.221,.313,.534,55,51,3,1,0,1,0,89/H7D,kelenja01
137,Adam Kennedy,7,409,2011,35,SEA,AL,114,409,380,36,89,58,23,1,7,38,8,2,22,67,.234,.277,.355,.632,80,135,3,1,4,2,3,345DH,kennead01
138,Dylan Moore,7,165,2023,30,SEA,AL,67,165,145,18,30,13,9,1,7,19,7,3,16,56,.207,.303,.428,.731,106,62,1,4,0,0,0,H47/6D9385,mooredy01
139,Kendrys Morales,7,239,2014,31,SEA,AL,59,239,213,16,44,28,9,0,7,24,0,0,21,41,.207,.285,.347,.632,83,74,8,3,0,2,2,D3,moralke01
140,Taylor Motter,7,280,2017,27,SEA,AL,92,280,258,29,51,32,12,0,7,26,12,1,21,62,.198,.257,.326,.583,58,84,9,0,0,1,0,6437H/59D,motteta01
141,Justin Smoak,7,276,2014,27,SEA,AL,80,276,248,28,50,30,13,0,7,30,0,1,24,66,.202,.275,.339,.614,77,84,8,2,0,2,0,3/H,smoakju01
142,Denard Span,7,328,2018,34,SEA,AL,94,328,294,36,80,52,15,6,7,30,3,2,23,55,.272,.329,.435,.765,113,128,5,5,0,6,0,7H/D8,spande01
143,Casper Wells,7,116,2011,26,SEA,AL,31,116,102,14,22,14,1,0,7,15,2,2,9,42,.216,.310,.431,.742,111,44,1,5,0,0,2,7/D98,wellsca01
144,Dustin Ackley,6,376,2011,23,SEA,AL,90,376,333,39,91,62,16,7,6,36,6,0,40,79,.273,.348,.417,.766,120,139,3,0,0,3,1,4/HD3,ackledu01
145,Dustin Ackley,6,207,2015,27,SEA,AL,85,207,186,22,40,25,8,1,6,19,2,2,14,38,.215,.270,.366,.635,77,68,3,1,3,3,0,78H/9D4,ackledu01
146,Yonder Alonso,6,150,2017,30,SEA,AL,42,150,132,20,35,24,5,0,6,18,1,0,18,30,.265,.353,.439,.793,116,58,3,0,0,0,0,3/H,alonsyo01
147,J.P. Crawford,6,603,2022,27,SEA,AL,145,603,518,57,126,93,24,3,6,42,3,2,68,80,.243,.339,.336,.675,100,174,11,10,2,5,0,*6/H,crawfjp01
148,Corey Hart,6,255,2014,32,SEA,AL,68,255,232,17,47,32,9,0,6,21,2,0,16,59,.203,.271,.319,.590,71,74,1,6,0,1,1,D/9H37,hartco01
149,Guillermo Heredia,6,426,2017,26,SEA,AL,123,426,386,43,96,74,16,0,6,24,1,5,27,64,.249,.315,.337,.652,79,130,9,11,1,1,2,*87/H9D,heredgu01
150,José Marmolejos,6,115,2020,27,SEA,AL,35,115,107,12,22,12,4,0,6,18,0,1,7,32,.206,.261,.411,.672,85,44,2,1,0,0,0,7D/3H9,marmojo01
151,Dylan Moore,6,255,2022,29,SEA,AL,104,255,205,41,46,27,11,2,6,24,21,8,34,75,.224,.368,.385,.753,122,79,5,13,1,1,2,96H74/38D5,mooredy01
152,Carlos Peguero,6,155,2011,24,SEA,AL,46,155,143,14,28,17,3,2,6,19,0,1,8,54,.196,.252,.371,.622,76,53,0,3,0,1,2,7/9DH,pegueca01
153,Mallex Smith,6,566,2019,26,SEA,AL,134,566,510,70,116,82,19,9,6,37,46,9,42,141,.227,.300,.335,.635,73,171,7,11,2,1,0,*89/7HD,smithma05
154,Ichiro Suzuki,6,732,2010,36,SEA,AL,162,732,680,74,214,175,30,3,6,43,42,9,45,86,.315,.359,.394,.754,113,268,3,3,3,1,13,*9/D,suzukic01
155,Mike Sweeney,6,110,2010,36,SEA,AL,30,110,99,11,26,17,3,0,6,18,2,0,9,14,.263,.327,.475,.802,123,47,3,1,0,1,0,D/H3,sweenmi01
156,Eric Thames,6,130,2012,25,SEA,AL,40,130,123,10,27,14,5,2,6,14,1,0,6,47,.220,.256,.439,.695,93,54,0,0,1,0,0,9/H7D,thameer01
157,Randy Arozarena,5,239,2024,29,SEA,AL,54,239,199,32,46,27,14,0,5,23,4,3,28,68,.231,.356,.377,.733,117,75,4,11,0,1,0,7/8D,arozara01
158,Dominic Canzone,5,141,2023,25,SEA,AL,44,141,135,19,29,13,11,0,5,13,1,0,6,24,.215,.248,.407,.656,83,55,4,0,0,0,0,7D/9H,canzodo01
159,Mike Carp,5,189,2012,26,SEA,AL,59,189,164,17,35,24,6,0,5,20,1,0,21,46,.213,.312,.341,.654,87,56,7,3,0,1,1,73H/D,carpmi01
160,Jarrod Dyson,5,390,2017,32,SEA,AL,111,390,346,56,87,66,13,3,5,30,28,7,28,55,.251,.324,.350,.674,85,121,3,10,4,2,2,87/HD,dysonja01
161,Sam Haggerty,5,201,2022,28,SEA,AL,83,201,176,29,45,30,9,1,5,23,13,1,18,53,.256,.335,.403,.738,116,71,4,4,1,2,3,97H/D84,haggesa01
162,Guillermo Heredia,5,337,2018,27,SEA,AL,125,337,292,29,69,49,14,1,5,19,2,4,32,52,.236,.318,.342,.661,87,100,4,4,7,2,0,*87H/9D,heredgu01
163,Kyle Lewis,5,147,2021,25,SEA,AL,36,147,130,15,32,23,4,0,5,11,2,0,16,37,.246,.333,.392,.726,104,51,1,1,0,0,0,8/D,lewisky01
164,Shed Long Jr.,5,168,2019,23,SEA,AL,42,168,152,21,40,22,12,1,5,15,3,3,16,40,.263,.333,.454,.787,112,69,1,0,0,0,0,47/H5D,longsh01
165,Jesús Montero,5,116,2015,25,SEA,AL,38,116,112,11,25,14,6,0,5,19,0,0,4,32,.223,.250,.411,.661,82,46,2,0,0,0,0,3/DH,monteje01
166,Austin Nola,5,110,2020,30,SEA,AL,29,110,98,15,30,19,5,1,5,19,0,0,9,17,.306,.373,.531,.903,151,52,1,2,0,1,1,2/H35D,nolaau01
167,AJ Pollock,5,138,2023,35,SEA,AL,49,138,127,15,22,13,4,0,5,15,0,1,9,30,.173,.225,.323,.547,54,41,1,0,0,2,0,D7H,polloaj01
168,Justin Smoak,5,122,2010,23,SEA,AL,30,122,113,11,27,18,4,0,5,14,0,0,8,34,.239,.287,.407,.694,93,46,3,0,0,1,0,3/D,smoakju01
169,Ichiro Suzuki,5,721,2011,37,SEA,AL,161,721,677,80,184,154,22,3,5,47,40,7,39,69,.272,.310,.335,.645,86,227,11,0,1,4,13,*9D,suzukic01
170,Abraham Toro,5,253,2021,24,SEA,AL,60,253,226,28,57,41,11,0,5,26,3,2,22,33,.252,.328,.367,.695,96,83,4,4,0,1,0,4/5H,toroab01
171,Justin Turner,5,190,2024,39,SEA,AL,48,190,159,22,42,30,7,0,5,24,0,0,20,35,.264,.363,.403,.766,127,64,1,7,0,4,2,3D/H5,turneju01
172,Mike Zunino,5,193,2013,22,SEA,AL,52,193,173,22,37,27,5,0,5,14,1,0,16,49,.214,.290,.329,.620,78,57,5,3,0,1,0,2/H,zuninmi01
173,Dustin Ackley,4,427,2013,25,SEA,AL,113,427,384,40,97,73,18,2,4,31,2,3,37,72,.253,.319,.341,.660,90,131,6,1,4,1,1,487/H3D,ackledu01
174,Nori Aoki,4,467,2016,34,SEA,AL,118,467,417,63,118,86,24,4,4,28,7,9,34,45,.283,.349,.388,.738,104,162,9,9,5,1,0,*78H,aokino01
175,José Caballero,4,280,2023,26,SEA,AL,104,280,231,37,51,37,9,1,4,26,26,3,28,66,.221,.343,.320,.663,92,74,0,17,0,4,0,4H6/5D7,cabaljo01
176,Franklin Gutierrez,4,163,2012,29,SEA,AL,40,163,150,18,39,24,10,1,4,17,3,1,9,31,.260,.309,.420,.729,105,63,5,2,1,1,0,8/HD,gutiefr01
177,Shed Long Jr.,4,121,2021,25,SEA,AL,34,121,111,13,22,13,4,1,4,17,1,0,9,39,.198,.258,.360,.619,72,40,3,0,1,0,0,74/HD,longsh01
178,José Marmolejos,4,122,2021,28,SEA,AL,41,122,106,11,17,9,4,0,4,12,0,0,15,39,.160,.262,.311,.574,61,33,0,0,0,1,0,37/HD9,marmojo01
179,Adam Moore,4,218,2010,26,SEA,AL,60,218,205,12,40,30,6,0,4,15,0,1,8,63,.195,.230,.283,.513,44,58,3,2,1,2,1,2/H,mooread01
180,Luke Raley,4,219,2025,30,SEA,AL,73,219,183,23,37,25,8,0,4,19,2,1,19,64,.202,.319,.311,.631,85,57,2,13,3,1,0,93H/8D7,raleylu01
181,Víctor Robles,4,262,2024,27,SEA,AL,77,262,229,41,75,51,20,0,4,26,30,1,16,44,.328,.393,.467,.860,153,107,2,10,5,2,0,897/HD,roblevi01
182,Josh Rojas,4,134,2023,29,SEA,AL,46,134,125,24,34,26,4,0,4,14,6,0,9,30,.272,.321,.400,.721,105,50,1,0,0,0,0,4/H5,rojasjo01
183,Dee Strange-Gordon,4,588,2018,30,SEA,AL,141,588,556,62,149,120,17,8,4,36,30,12,9,80,.268,.288,.349,.637,79,194,10,9,9,5,0,48/6HD,gordode01
184,Ichiro Suzuki,4,423,2012,38,SEA,AL,95,423,402,49,105,81,15,5,4,28,15,2,17,40,.261,.288,.353,.642,82,142,10,0,0,4,4,9/D,suzukic01
185,Taylor Trammell,4,117,2022,24,SEA,AL,43,117,102,15,20,7,9,0,4,10,2,1,13,33,.196,.284,.402,.686,99,41,2,0,1,1,0,9/8H7D,trammta01
186,Matt Tuiasosopo,4,138,2010,24,SEA,AL,50,138,127,12,22,13,5,0,4,11,0,0,9,49,.173,.234,.307,.541,51,39,3,1,1,0,0,75H/36D4,tuiasma01
187,Luis Urías,4,109,2024,27,SEA,AL,41,109,94,11,18,7,7,0,4,16,0,0,9,34,.191,.303,.394,.696,104,37,2,6,0,0,0,5/HD,uriaslu01
188,Daniel Vogelbach,4,102,2018,25,SEA,AL,37,102,87,9,18,12,2,0,4,13,0,0,13,26,.207,.324,.368,.691,95,32,4,2,0,0,0,3H/D,vogelda01
189,Cole Young,4,257,2025,21,SEA,AL,77,257,223,24,47,35,7,1,4,24,1,0,28,47,.211,.302,.305,.607,78,68,4,2,2,2,1,4/H6D,youngco01
190,Josh Bard,3,126,2010,32,SEA,AL,39,126,112,9,24,14,7,0,3,10,0,0,10,27,.214,.276,.357,.634,77,40,4,0,3,1,0,2/H,bardjo01
191,Henry Blanco,3,107,2013,41,SEA,AL,35,107,96,8,12,7,2,0,3,14,0,0,10,26,.125,.215,.240,.455,31,23,2,1,0,0,0,2/H,blanche01
192,Jack Cust,3,270,2011,32,SEA,AL,67,270,225,19,48,29,15,1,3,23,0,0,44,87,.213,.344,.329,.673,96,74,3,1,0,0,2,D/H,custja01
193,Adam Frazier,3,602,2022,30,SEA,AL,156,602,541,61,129,100,22,4,3,42,11,6,46,73,.238,.301,.311,.612,80,168,15,5,4,6,1,*497H/D68,fraziad01
194,Ryan Langerhans,3,132,2010,30,SEA,AL,60,132,107,16,21,15,2,1,3,4,4,1,24,51,.196,.344,.318,.661,88,34,0,0,1,0,1,7H/93D8,langery01
195,Alex Liddi,3,126,2012,23,SEA,AL,38,126,116,8,26,18,4,1,3,10,2,1,9,49,.224,.278,.353,.631,79,41,0,0,0,1,0,5/73H,liddial01
196,Shed Long Jr.,3,128,2020,24,SEA,AL,34,128,117,10,20,12,5,0,3,9,4,0,11,37,.171,.242,.291,.533,49,34,1,0,0,0,0,4/H7D,longsh01
197,Cade Marlowe,3,100,2023,26,SEA,AL,34,100,88,14,21,13,3,2,3,11,4,2,12,33,.239,.330,.420,.750,113,37,1,0,0,0,0,7/H89D,marloca01
198,Leonys Martín,3,122,2017,29,SEA,AL,34,122,115,12,20,14,2,1,3,8,6,4,5,29,.174,.221,.287,.508,38,33,2,2,0,0,1,89/H,martile01
199,Jesús Montero,3,110,2013,23,SEA,AL,29,110,101,6,21,16,1,1,3,9,0,1,8,21,.208,.264,.327,.590,69,33,2,0,0,1,0,2/HD,monteje01
200,Trayvon Robinson,3,164,2012,24,SEA,AL,46,164,145,16,32,24,4,1,3,12,6,3,14,43,.221,.294,.324,.618,76,47,2,1,4,0,1,7/H,robintr01